image: default-site-map.pgm
resolution: 0.050000
origin: [-21.250000, -35.949999, 0]
negate: 0
occupied_thresh: 0.65
free_thresh: 0.196
